  -434484852   511944318  1795259571   778414064
 -1801792542  1163225481 -1374936067 -1217793813
  -109505327 -1202486924 -1399172022 -1191777153
   571187307 -1500662081   720940566  1879161735
    19617600  1817731270  1049072783   560931717
 -1262404544 -1912237875 -1802359944  2109942685
   268117181 -1810983989  2082550262 -1113278142
   486317593   777256752  1755579676 -1839344666
 -1343445901 -1635585072   793452752  -959295462
  1344066813   232069352    36175010 -1486183070
    89451477    78132562   666319695   994278090
 -1035873786  -257612886 -1944474696  1143292241
 -1658189461  -504066264 -1890690002 -1993790606
  -164443542    33215477  1050637279  1419781522
 -1751118058   458546165   676119407 -1345871250
  -178057066  -483678533  -729654395 -1308827709
   258435574 -2038193953  1677618775  -118296347
   694481922 -1336235081  -737508150   605290024
   591173525  1575701769  1206917623  2089441911
  1462728603  -646308886  1165056936 -1465720567
  -936123717  1554012219  1994316594   265935178
  -370881053  1252857583  1204282343   530080456
  1148915250   647323987  -859228758  -274123297
  1013877818   400779955 -1895410947  1805197952
   780661782   170158607   903049469   -69999900
   517508061 -1451311045  2037950305  -943346875
 -1151440235  -380291628  1058125157 -1676798279
   986220199    84300461  -779844201 -1320830144
  1512587309  1816055039 -1375359599 -1000927609
   566880084 -1951653221   311717685  -673902816
 -1210576851   357582165    46104978  2115996477
   654046171  -608519928  1436256074  2066065795
  1724789166  -682659451  -113813941 -1036067066
 -1267282332 -2026425340   211996442  1200509668
   663939144 -2121957723 -1200156740   420358367
   877456954   466448596 -1853096877   851092644
  1198507556  -424043975  -875893430 -1200684399
 -1782189951   998730556
